2 26 3 
0.8079177390237382 2.8532549123808 2.4950214264690893 -0.32325880712741856 1.693647055974572 2.1922128647505477 1.501099187785766 -3.168057423598974 -1.5293540375931547 0.4683056782948456 -1.5898297528520264 5.7187481444654855 -1.8030807912996991 -3.106964931843278 2.7625492581785203 3.752505000655388 -0.2747517641117622 1.3145479745036903 0.7151212336832247 -4.260426725185998 -1.1179191605461858 -3.3238999620624043 2.4956725632607366 -0.4254682765151597 0.9857221712264213 -2.222178620422949 
-2.9671981210100187 2.700278801414824 2.4338450048351796 1.4735800366622 1.5604120836423436 2.2940543018833646 -0.31634274844477667 -3.0265596980442426 -1.546876265652732 0.6746450934499378 -0.23593892536009992 -2.573749382389919 -0.20629155125840154 -2.9912786892343273 -6.1849137078416145 3.6876029146367024 1.6263701018686874 -0.11385110522691616 0.6712953326668845 1.7192526579362 3.172193371499121 -3.106146259369635 -0.7972038327554287 -0.17228120585208545 0.687722956805918 -0.043913954171916 
-4.59956251478695 -1.3198692026159464 1.613639390295932 
0.6344316237917279 1.1381759592230893 2.652886959909414 
0.489886209680581 1.930008560820929 1.8405094874550925 
-0.009277095241694467 0.04179769057416776 -1.7433600376633207 
0.7754289616419557 0.9197064900986812 0.6942974066224495 
0.7325579131063253 0.9647935795871395 1.6733876269554702 
0.0964154099611599 0.0033526600981342103 -1.5853760976624978 
-4.337457810658184 -2.6857723596398486 -3.795590474305529 
-2.645153255456245 -1.9051479095686759 -0.8713846223794205 
-0.09972014762508183 -0.06689345004862131 -0.23416961357226082 
-2.833375824588682 -1.1266787364459927 -0.03161795630235832 
2.306478419597946 -0.6751284849564183 -5.906694423394106 
-4.911889928612506 -1.0977745623739825 -0.24656135353707073 
-2.152391097565549 -2.593625619489549 -3.6745642625160024 
-6.064706216902331 -0.48225243149768493 6.299845992099006 
-0.6339962228074114 2.023142852603344 4.8179167298709835 
0.6757686926842548 0.321924417492245 -1.6670815062895448 
0.12176991655755104 0.20785905912424885 -1.189597810924203 
0.9664114474101685 0.7423128472035366 -1.3621961849503401 
-3.000154297323035 -1.1375412428308564 3.2692442497320937 
0.9677028391477173 0.7013724421366254 -2.760663977508855 
-4.285373834397629 -3.4087972816465313 -3.9121781758634535 
1.2712947446509848 0.2388653451248519 -1.871740257827757 
-1.214115973150988 -0.34961963291075376 -0.11370075738956797 
0.01203060183361706 0.7227145381058927 -0.4437744176334323 
-3.2173930862170024 -1.7229397939642255 0.30368311910727086 
